1101111110010010100110111011100010110100000100110110101101101000011000000110011111010110001001011000000000010100000010001010001110010010111000001101001111110010101001111011100010001110110010101100111101000011100000000110011001101010010000111011110011000111

1010010011101010010011111001111010110110010000001001111010101010100010011100000011100101111110001110010111000000010110011100010111100001110111111000011001101001101110010000101011001101011000111011000110000110011001001001110111010010110001000000011000010111

0001111110001010001000111000100011101110011011011101110001001101100110110101011001010110101100100111101110000111000011100011111100001110111101111011010001110001010001100100111101110101000111111001001000010001011110111110110000101000101010100111110001001001

1111110010011101111000000101011000100111101011111000001001010011010100011011100011001000001000011010011110001110101011100010110110101001010000001001100110110111011100110000010000000101001110010110101011111011101011011100101101110010100100011111111000010101

1001100000111110111110100011101001001100010101010001011111110101010111101101101100011000010101101100110000100101000101111101000010010101010010001111110010000100101100101011111100110101000100101111001100011010010011000000101100011001001110100010000100000010

1110010100110110110101101110101011000101110110011101011011001011101101110100010011100100000000111101101101101111111000000010100001110111100000010111001010101101010111110010101001110110010100000001101110000111001110011011001011110011101111111011010100110011

1101110100111010010101000100001000001001000011101010101111001001000101010010110110111010101110101101011100111100010001010110110010101010101001100000010011110011111110000011010010011000111001001110000101101101110100011011110010000100111011100100101101010100

0100100001011011001101001110001001011011001101011000101110001011101111011000110001000101100111111001000010010001000001010010110110000000111111100000001010100111110010111110111111110010100111111001100001000011000010111101000011010100101000100011100101111110

1001111010000110111010000001110100100010010111010000011110100001000010101001011111001111110001100000100111111110011100010110000101011111001100101110010111101101110010110101001001100100101110111000001011111100010111111000001000001010011000000111010001000110

1010000010010100111010011111011001000101100011110111000111010100101000000110000100000111101100010000011011111001100010011010011010011110010100110011000011001101001000011110000100000000010111100010111110100000011011011010110110101011011100010110111101100011

0011101100011101111100100011010101011010000111001110110000101010010000100110101000101011011010101111111100011011100010011001111100001001100101100111100011110111011101111111101011110010101001000000011011110010001111101110010110101000101100000010000000000110

0110001100000111110001111100001000011011000110010110001101110101011010101101001100100110100010100001111100110101001110011101000100010111111101111110101110010100111111001011000010111011110011101000010001100010101101101000111001110011111101010100111111001010

1001100101100111110010001001001011100000010100011011101100001101111001010000110100100011111100100110001111101100100000001100000111101000101000011111111111111110011110010000100101010000000001100110100110010000111011001000110110101110101100110001101111010100

1110110101010001101101000000100111111011101011011001001101101000110000011000011001000001010010110101101110101001010111001000001100000111010110100110011000000111100110101010110110001100000101000110100011100101011110101101000010101100101010011000110110001011

1100110011111101010100010101100111000000111010010010010001111000111011010001111101101111001110010100001010001110011100100000010001111110000000000111101001110101110111110110110010000011001011101111101010011111001111000011110110110111101010111101001000111010

0110010101000011101111100010110000010011101100111101000010000000001101110001110110101100000100111110111010101101111010001100100110011010011111101001010100101111010101010110001010011110011110111101001101011011000100100000111001101111000111100110110000110111

0000110000101010100010001100011001110100011000110100100110100000011010001010110111010011111001001101101011010100001111010110100100000110000000111001000110000011110010100111111001011011111100110001010110111011000110110000111110110000001101100100000011101100

0011010101101110000011100110001011110000101000011111110010000110111100101100101010111100110001100010101110001011001100011011100100111100010010010000111001100111010110001101100010101110001011001101100111101011111010111101101001000111001111000010011001001000

1010000001110000001101100011001000100111100110001011000000100111001011000111100111100110001100000110101010101110101111001111000100001100010011111111010101110001100110010011000000110110101010101110100110000101011100000101000111111000111110001110001001010110

0110110111111110011001011010110001001000011100100100111001100111111101011110111011110011111011101101011001000100111010011110100010011010010001011001000101111110101110011110000010011101001011000111011011100111010010110000010011110011011011010100101101101110

