0010111100101101100100001010011010011010010110111101011011010011101011000000111110100101101111101100000100001010100110001011111100111101010100010001101001110100010011011000010010100101011101110001011010111000000001111110101001010100101000111011001000100001

0010000111111001000111111001101011100100101010101101011010000001010000111100100000110100001001100010111110110110100100011110001001100111011100010011110100100110011110001010001011101101001101101001000100100111101110010100001001111100111111101100101110101011

1101010101100011110111010101010100001110001100110011101101110100111010001011000111100010001110000000111100001011100011101111000000111101000010011001100000101000101011111000011011010101000001000110100010110101101010110110101001111001010011101100011111111000

1110111111000011011111110001000010010010000010111001011101011001101101100100111111110100101011110000111111111011010001101111111110111000000001010100010011001011010001011110100100111101100110110011010010100111111101110100100100111100010000000111001000111100

1100100100011010100011001101010110111101000000110111101010101100000111100111001100010101111111001000001111000100011110111111100010011001010100011011110111011000110000111000101101001001000010010000011001001000011110011101101110110011011111110001000010011000

